======================================================================
                    RCAP vs Gpuff Comparison
======================================================================

Distance (km) RCAP Conc      Gpuff Conc     Ratio
--------------------------------------------------
0.22         4.93202e-04    5.55106e-04    0.89
0.35         1.56337e-04    1.76028e-04    0.89
0.51         6.91589e-05    7.78707e-05    0.89
0.70         3.52273e-05    3.96656e-05    0.89
0.95         1.91429e-05    2.15514e-05    0.89
1.28         1.06225e-05    1.19567e-05    0.89
1.72         6.01733e-06    6.77143e-06    0.89
2.31         3.69471e-06    4.17714e-06    0.88
3.03         2.64875e-06    3.23720e-06    0.82
3.92         2.09900e-06    2.56509e-06    0.82
5.00         1.69421e-06    2.07034e-06    0.82
6.36         1.38551e-06    1.69285e-06    0.82
8.06         1.14363e-06    1.39717e-06    0.82
10.00        9.59976e-07    1.17307e-06    0.82
12.81        8.06642e-07    9.85042e-07    0.82
16.09        6.80229e-07    8.30930e-07    0.82
19.98        5.83495e-07    7.12897e-07    0.82
24.57        5.06809e-07    6.19310e-07    0.82

Distance (km) RCAP σy        Gpuff σy       Ratio
--------------------------------------------------
0.22         49.92          44.35          1.13
0.35         88.41          78.52          1.13
0.51         132.46         117.64         1.13
0.70         184.82         164.15         1.13
0.95         249.42         221.55         1.13
1.28         332.61         295.49         1.13
1.72         439.79         390.81         1.13
2.31         577.81         513.62         1.12
3.03         745.55         662.75         1.12
3.92         940.81         836.40         1.12
5.00         1165.59        1036.28        1.12
6.36         1425.30        1267.36        1.12
8.06         1726.75        1535.58        1.12
10.00        2057.09        1828.92        1.12
12.81        2448.12        2178.03        1.12
16.09        2903.07        2581.99        1.12
19.98        3384.35        3009.49        1.12
24.57        3896.43        3464.26        1.12

Distance (km) RCAP σz        Gpuff σz       Ratio
--------------------------------------------------
0.22         32.00          32.00          1.00
0.35         57.00          57.00          1.00
0.51         86.00          86.00          1.00
0.70         121.00         121.00         1.00
0.95         165.00         165.00         1.00
1.28         223.00         223.00         1.00
1.72         300.00         300.00         1.00
2.31         403.00         398.94         1.01
3.03         398.94         398.94         1.00
3.92         398.94         398.94         1.00
5.00         398.94         398.94         1.00
6.36         398.94         398.94         1.00
8.06         398.94         398.94         1.00
10.00        398.94         398.94         1.00
12.81        398.94         398.94         1.00
16.09        398.94         398.94         1.00
19.98        398.94         398.94         1.00
24.57        398.94         398.94         1.00