======================================================================
                    RCAP vs Gpuff Comparison
======================================================================

Center Air Conc. (Bq-s/m³)
Distance (km) RCAP           Gpuff          Ratio     
--------------------------------------------------
0.22         1.13025e-03    1.27177e-03    0.89      
0.35         3.58272e-04    4.03155e-04    0.89      
0.51         1.58489e-04    1.78278e-04    0.89      
0.70         8.07292e-05    9.07713e-05    0.89      
0.95         4.38690e-05    4.92943e-05    0.89      
1.28         2.43410e-05    2.73267e-05    0.89      
1.72         1.36831e-05    1.53451e-05    0.89      
2.31         7.75299e-06    8.68482e-06    0.89      
3.03         4.59763e-06    5.14690e-06    0.89      
3.92         3.06243e-06    3.49785e-06    0.88      
5.00         2.31577e-06    2.81642e-06    0.82      
6.36         1.88755e-06    2.29611e-06    0.82      
8.06         1.55157e-06    1.88803e-06    0.82      
10.00        1.29601e-06    1.57778e-06    0.82      
12.81        1.08205e-06    1.31796e-06    0.82      
16.09        9.05035e-07    1.10323e-06    0.82      
19.98        7.68918e-07    9.38082e-07    0.82      
24.57        6.60365e-07    8.06347e-07    0.82      

Ground Air Conc. (Bq-s/m³)
Distance (km) RCAP           Gpuff          Ratio     
--------------------------------------------------
0.22         1.23540e-150   0.00000e+00    N/A       
0.35         2.76681e-50    0.00000e+00    N/A       
0.51         1.29442e-24    1.45604e-24    0.89      
0.70         8.09923e-15    9.10670e-15    0.89      
0.95         2.53678e-10    2.85050e-10    0.89      
1.28         4.51856e-08    5.07280e-08    0.89      
1.72         5.77690e-07    6.47859e-07    0.89      
2.31         1.82739e-06    2.04703e-06    0.89      
3.03         2.68014e-06    3.00033e-06    0.89      
3.92         2.69069e-06    2.94133e-06    0.91      
5.00         2.31577e-06    2.36832e-06    0.98      
6.36         1.88755e-06    1.93079e-06    0.98      
8.06         1.55157e-06    1.58764e-06    0.98      
10.00        1.29601e-06    1.32675e-06    0.98      
12.81        1.08205e-06    1.10827e-06    0.98      
16.09        9.05035e-07    9.27705e-07    0.98      
19.98        7.68918e-07    7.88830e-07    0.97      
24.57        6.60365e-07    6.78055e-07    0.97      

Center Ground Conc. (Bq/m²)
Distance (km) RCAP           Gpuff          Ratio     
--------------------------------------------------
0.22         0.00000e+00    0.00000e+00    N/A       
0.35         0.00000e+00    0.00000e+00    N/A       
0.51         0.00000e+00    7.94514e-27    0.00      
0.70         4.41901e-17    4.96923e-17    0.89      
0.95         1.38424e-12    1.55543e-12    0.89      
1.28         2.46563e-10    2.76806e-10    0.89      
1.72         3.15218e-09    3.53515e-09    0.89      
2.31         9.96941e-09    1.11699e-08    0.89      
3.03         1.46141e-08    1.63718e-08    0.89      
3.92         1.46583e-08    1.60498e-08    0.91      
5.00         1.25997e-08    1.29231e-08    0.97      
6.36         1.02530e-08    1.05357e-08    0.97      
8.06         8.41087e-09    8.66324e-09    0.97      
10.00        7.00850e-09    7.23965e-09    0.97      
12.81        5.83304e-09    6.04744e-09    0.96      
16.09        4.85923e-09    5.06218e-09    0.96      
19.98        4.10900e-09    4.30439e-09    0.95      
24.57        3.50942e-09    3.69992e-09    0.95      

X/Q (s/m³)
Distance (km) RCAP           Gpuff          Ratio     
--------------------------------------------------
0.22         1.24788e-151   0.00000e+00    N/A       
0.35         2.79475e-51    0.00000e+00    N/A       
0.51         1.30750e-25    1.47220e-25    0.89      
0.70         8.18104e-16    9.21175e-16    0.89      
0.95         2.56241e-11    2.88480e-11    0.89      
1.28         4.56421e-09    5.13749e-09    0.89      
1.72         5.83561e-08    6.56694e-08    0.89      
2.31         1.84665e-07    2.07743e-07    0.89      
3.03         2.71119e-07    3.04989e-07    0.89      
3.92         2.72692e-07    2.99580e-07    0.91      
5.00         2.35307e-07    2.41798e-07    0.97      
6.36         1.92432e-07    1.97709e-07    0.97      
8.06         1.58838e-07    1.63177e-07    0.97      
10.00        1.33330e-07    1.37004e-07    0.97      
12.81        1.12034e-07    1.15044e-07    0.97      
16.09        9.44768e-08    9.70453e-08    0.97      
19.98        8.10416e-08    8.32601e-08    0.97      
24.57        7.03907e-08    7.23299e-08    0.97      

Sigma-y (m)
Distance (km) RCAP           Gpuff          Ratio     
--------------------------------------------------
0.22         3.63034e+01    3.22550e+01    1.13      
0.35         6.42964e+01    5.71040e+01    1.13      
0.51         9.63332e+01    8.55559e+01    1.13      
0.70         1.34418e+02    1.19378e+02    1.13      
0.95         1.81398e+02    1.61125e+02    1.13      
1.28         2.41896e+02    2.14904e+02    1.13      
1.72         3.19847e+02    2.84227e+02    1.13      
2.31         4.20223e+02    3.73540e+02    1.12      
3.03         5.42215e+02    4.82000e+02    1.12      
3.92         6.84225e+02    6.08295e+02    1.12      
5.00         8.47705e+02    7.53658e+02    1.12      
6.36         1.03658e+03    9.21720e+02    1.12      
8.06         1.25582e+03    1.11678e+03    1.12      
10.00        1.49607e+03    1.33012e+03    1.12      
12.81        1.78045e+03    1.58402e+03    1.12      
16.09        2.11132e+03    1.87781e+03    1.12      
19.98        2.46134e+03    2.18872e+03    1.12      
24.57        2.83377e+03    2.51946e+03    1.12      

Sigma-z (m)
Distance (km) RCAP           Gpuff          Ratio     
--------------------------------------------------
0.22         1.92000e+01    1.92000e+01    1.00      
0.35         3.42000e+01    3.42000e+01    1.00      
0.51         5.16000e+01    5.16000e+01    1.00      
0.70         7.26000e+01    7.26000e+01    1.00      
0.95         9.90000e+01    9.90000e+01    1.00      
1.28         1.33800e+02    1.33800e+02    1.00      
1.72         1.80000e+02    1.80000e+02    1.00      
2.31         2.41800e+02    2.41800e+02    1.00      
3.03         3.20400e+02    3.20400e+02    1.00      
3.92         4.17000e+02    3.98942e+02    1.05      
5.00         3.98942e+02    3.98942e+02    1.00      
6.36         3.98942e+02    3.98942e+02    1.00      
8.06         3.98942e+02    3.98942e+02    1.00      
10.00        3.98942e+02    3.98942e+02    1.00      
12.81        3.98942e+02    3.98942e+02    1.00      
16.09        3.98942e+02    3.98942e+02    1.00      
19.98        3.98942e+02    3.98942e+02    1.00      
24.57        3.98942e+02    3.98942e+02    1.00      