======================================================================
                    RCAP vs Gpuff Comparison
======================================================================

Center Air Conc. (Bq-s/m³)
Distance (km) RCAP           Gpuff          Ratio     
--------------------------------------------------
0.22         2.51050e-03    2.81882e-03    0.89      
0.35         8.04737e-04    9.04332e-04    0.89      
0.51         3.60822e-04    4.05352e-04    0.89      
0.70         1.86717e-04    2.09686e-04    0.89      
0.95         1.03460e-04    1.16086e-04    0.89      
1.28         5.88330e-05    6.59355e-05    0.89      
1.72         3.41109e-05    3.81733e-05    0.89      
2.31         2.00856e-05    2.24357e-05    0.90      
3.03         1.22822e-05    1.36983e-05    0.90      
3.92         7.85838e-06    8.74962e-06    0.90      
5.00         5.22149e-06    5.80605e-06    0.90      
6.36         3.59091e-06    3.98920e-06    0.90      
8.06         2.58454e-06    2.87128e-06    0.90      
10.00        1.99656e-06    2.29496e-06    0.87      
12.81        1.58530e-06    1.91703e-06    0.83      
16.09        1.32592e-06    1.60470e-06    0.83      
19.98        1.12646e-06    1.36448e-06    0.83      
24.57        9.67394e-07    1.17287e-06    0.82      

Ground Air Conc. (Bq-s/m³)
Distance (km) RCAP           Gpuff          Ratio     
--------------------------------------------------
0.22         0.00000e+00    0.00000e+00    N/A       
0.35         3.36207e-114   0.00000e+00    N/A       
0.51         8.11340e-54    0.00000e+00    N/A       
0.70         3.39105e-30    4.40947e-30    0.77      
0.95         5.68394e-19    7.02995e-19    0.81      
1.28         4.98287e-13    5.96795e-13    0.83      
1.72         8.18157e-10    9.59173e-10    0.85      
2.31         4.55669e-08    5.25931e-08    0.87      
3.03         3.60165e-07    4.09702e-07    0.88      
3.92         1.00035e-06    1.12819e-06    0.89      
5.00         1.61400e-06    1.80966e-06    0.89      
6.36         1.93770e-06    2.16492e-06    0.90      
8.06         1.95955e-06    2.18443e-06    0.90      
10.00        1.80055e-06    1.92982e-06    0.93      
12.81        1.58530e-06    1.61202e-06    0.98      
16.09        1.32592e-06    1.34939e-06    0.98      
19.98        1.12646e-06    1.14739e-06    0.98      
24.57        9.67394e-07    9.86261e-07    0.98      

Center Ground Conc. (Bq/m²)
Distance (km) RCAP           Gpuff          Ratio     
--------------------------------------------------
0.22         0.00000e+00    0.00000e+00    N/A       
0.35         0.00000e+00    0.00000e+00    N/A       
0.51         0.00000e+00    0.00000e+00    N/A       
0.70         0.00000e+00    2.40610e-32    0.00      
0.95         6.18849e-22    3.83601e-21    0.16      
1.28         2.71900e-15    3.25651e-15    0.83      
1.72         4.46443e-12    5.23389e-12    0.85      
2.31         2.48644e-10    2.86983e-10    0.87      
3.03         1.96523e-09    2.23561e-09    0.88      
3.92         5.45745e-09    6.15614e-09    0.89      
5.00         8.80093e-09    9.87471e-09    0.89      
6.36         1.05556e-08    1.18133e-08    0.89      
8.06         1.06574e-08    1.19197e-08    0.89      
10.00        9.77102e-09    1.05304e-08    0.93      
12.81        8.57630e-09    8.79628e-09    0.97      
16.09        7.14418e-09    7.36317e-09    0.97      
19.98        6.04085e-09    6.26093e-09    0.96      
24.57        5.15905e-09    5.38170e-09    0.96      

X/Q (s/m³)
Distance (km) RCAP           Gpuff          Ratio     
--------------------------------------------------
0.22         0.00000e+00    0.00000e+00    N/A       
0.35         3.39603e-115   0.00000e+00    N/A       
0.51         8.19535e-55    0.00000e+00    N/A       
0.70         3.42530e-31    4.46034e-31    0.77      
0.95         5.74136e-20    7.11455e-20    0.81      
1.28         5.03320e-14    6.04405e-14    0.83      
1.72         8.26422e-11    9.72253e-11    0.85      
2.31         4.60274e-09    5.33744e-09    0.86      
3.03         3.63832e-08    4.16470e-08    0.87      
3.92         1.01090e-07    1.14908e-07    0.88      
5.00         1.63263e-07    1.84761e-07    0.88      
6.36         1.96400e-07    2.21685e-07    0.89      
8.06         1.99269e-07    2.24514e-07    0.89      
10.00        1.83924e-07    1.99279e-07    0.92      
12.81        1.62959e-07    1.67337e-07    0.97      
16.09        1.37421e-07    1.41157e-07    0.97      
19.98        1.17879e-07    1.21106e-07    0.97      
24.57        1.02386e-07    1.05207e-07    0.97      

Sigma-y (m)
Distance (km) RCAP           Gpuff          Ratio     
--------------------------------------------------
0.22         2.49586e+01    2.21753e+01    1.13      
0.35         4.42037e+01    3.92590e+01    1.13      
0.51         6.62291e+01    5.88197e+01    1.13      
0.70         9.24124e+01    8.20723e+01    1.13      
0.95         1.24711e+02    1.10774e+02    1.13      
1.28         1.66304e+02    1.47746e+02    1.13      
1.72         2.19895e+02    1.95406e+02    1.13      
2.31         2.88904e+02    2.56809e+02    1.12      
3.03         3.72773e+02    3.31375e+02    1.12      
3.92         4.70405e+02    4.18203e+02    1.12      
5.00         5.82797e+02    5.18140e+02    1.12      
6.36         7.12649e+02    6.33682e+02    1.12      
8.06         8.63373e+02    7.67788e+02    1.12      
10.00        1.02855e+03    9.14460e+02    1.12      
12.81        1.22406e+03    1.08902e+03    1.12      
16.09        1.45154e+03    1.29100e+03    1.12      
19.98        1.69217e+03    1.50474e+03    1.12      
24.57        1.94822e+03    1.73213e+03    1.12      

Sigma-z (m)
Distance (km) RCAP           Gpuff          Ratio     
--------------------------------------------------
0.22         1.25732e+01    1.26000e+01    1.00      
0.35         2.21469e+01    2.21767e+01    1.00      
0.51         3.29673e+01    3.30098e+01    1.00      
0.70         4.56574e+01    4.57133e+01    1.00      
0.95         6.10589e+01    6.11478e+01    1.00      
1.28         8.05197e+01    8.06588e+01    1.00      
1.72         1.05031e+02    1.05247e+02    1.00      
2.31         1.35764e+02    1.36093e+02    1.00      
3.03         1.72056e+02    1.72460e+02    1.00      
3.92         2.13033e+02    2.13531e+02    1.00      
5.00         2.58816e+02    2.59397e+02    1.00      
6.36         3.10198e+02    3.10912e+02    1.00      
8.06         3.68261e+02    3.69107e+02    1.00      
10.00        4.30424e+02    3.98942e+02    1.08      
12.81        3.98942e+02    3.98942e+02    1.00      
16.09        3.98942e+02    3.98942e+02    1.00      
19.98        3.98942e+02    3.98942e+02    1.00      
24.57        3.98942e+02    3.98942e+02    1.00      