======================================================================
                    RCAP vs Gpuff Comparison
======================================================================

Center Air Conc. (Bq-s/m³)
Distance (km) RCAP           Gpuff          Ratio     
--------------------------------------------------
0.22         5.09384e-03    5.66474e-03    0.90      
0.35         1.72266e-03    1.92673e-03    0.89      
0.51         8.17023e-04    9.14623e-04    0.89      
0.70         4.47682e-04    5.01465e-04    0.89      
0.95         2.63465e-04    2.94943e-04    0.89      
1.28         1.59753e-04    1.78692e-04    0.89      
1.72         9.90325e-05    1.10655e-04    0.89      
2.31         6.24216e-05    6.96468e-05    0.90      
3.03         4.07000e-05    4.53626e-05    0.90      
3.92         2.75993e-05    3.07089e-05    0.90      
5.00         1.93043e-05    2.14344e-05    0.90      
6.36         1.37909e-05    1.52668e-05    0.90      
8.06         9.98911e-06    1.10173e-05    0.91      
10.00        7.42523e-06    8.15645e-06    0.91      
12.81        5.51345e-06    6.01895e-06    0.92      
16.09        4.10261e-06    4.44998e-06    0.92      
19.98        3.13103e-06    3.37211e-06    0.93      
24.57        2.43138e-06    2.59959e-06    0.94      

Ground Air Conc. (Bq-s/m³)
Distance (km) RCAP           Gpuff          Ratio     
--------------------------------------------------
0.22         0.00000e+00    0.00000e+00    N/A       
0.35         1.89710e-271   0.00000e+00    N/A       
0.51         5.69205e-139   0.00000e+00    N/A       
0.70         5.85756e-83    0.00000e+00    N/A       
0.95         5.98004e-54    0.00000e+00    N/A       
1.28         7.08479e-37    1.37122e-36    0.52      
1.72         2.27735e-26    3.65812e-26    0.62      
2.31         1.12358e-19    1.60092e-19    0.70      
3.03         1.82566e-15    2.34810e-15    0.78      
3.92         8.79056e-13    1.07230e-12    0.82      
5.00         5.38153e-11    6.34468e-11    0.85      
6.36         9.37545e-10    1.08408e-09    0.86      
8.06         7.23536e-09    8.23727e-09    0.88      
10.00        2.97239e-08    3.33173e-08    0.89      
12.81        8.59768e-08    9.57904e-08    0.90      
16.09        1.86534e-07    2.05024e-07    0.91      
19.98        3.10519e-07    3.37570e-07    0.92      
24.57        4.34533e-07    4.67757e-07    0.93      

Center Ground Conc. (Bq/m²)
Distance (km) RCAP           Gpuff          Ratio     
--------------------------------------------------
0.22         0.00000e+00    0.00000e+00    N/A       
0.35         0.00000e+00    0.00000e+00    N/A       
0.51         0.00000e+00    0.00000e+00    N/A       
0.70         0.00000e+00    0.00000e+00    N/A       
0.95         0.00000e+00    0.00000e+00    N/A       
1.28         0.00000e+00    7.48231e-39    0.00      
1.72         0.00000e+00    1.99612e-28    0.00      
2.31         1.55642e-22    8.73568e-22    0.18      
3.03         9.96223e-18    1.28128e-17    0.78      
3.92         4.79674e-15    5.85117e-15    0.82      
5.00         2.93653e-13    3.46209e-13    0.85      
6.36         5.11589e-12    5.91548e-12    0.86      
8.06         3.94810e-11    4.49481e-11    0.88      
10.00        1.62191e-10    1.81801e-10    0.89      
12.81        4.69098e-10    5.22697e-10    0.90      
16.09        1.01745e-09    1.11875e-09    0.91      
19.98        1.69250e-09    1.84201e-09    0.92      
24.57        2.36497e-09    2.55239e-09    0.93      

X/Q (s/m³)
Distance (km) RCAP           Gpuff          Ratio     
--------------------------------------------------
0.22         0.00000e+00    0.00000e+00    N/A       
0.35         1.91626e-272   0.00000e+00    N/A       
0.51         5.74954e-140   0.00000e+00    N/A       
0.70         5.91673e-84    0.00000e+00    N/A       
0.95         6.04045e-55    0.00000e+00    N/A       
1.28         7.15636e-38    1.38871e-37    0.52      
1.72         2.30036e-27    3.70801e-27    0.62      
2.31         1.13493e-20    1.62470e-20    0.70      
3.03         1.84410e-16    2.38689e-16    0.77      
3.92         8.87937e-14    1.09215e-13    0.81      
5.00         5.43590e-12    6.47772e-12    0.84      
6.36         9.47018e-11    1.11008e-10    0.85      
8.06         7.30851e-10    8.46621e-10    0.86      
10.00        3.00255e-09    3.44044e-09    0.87      
12.81        8.68647e-09    9.94359e-09    0.87      
16.09        1.88573e-08    2.14471e-08    0.88      
19.98        3.14376e-08    3.56301e-08    0.88      
24.57        4.41247e-08    4.98969e-08    0.88      

Sigma-y (m)
Distance (km) RCAP           Gpuff          Ratio     
--------------------------------------------------
0.22         1.81517e+01    1.61275e+01    1.13      
0.35         3.21482e+01    2.85520e+01    1.13      
0.51         4.81666e+01    4.27780e+01    1.13      
0.70         6.72091e+01    5.96889e+01    1.13      
0.95         9.06989e+01    8.05626e+01    1.13      
1.28         1.20948e+02    1.07452e+02    1.13      
1.72         1.59924e+02    1.42114e+02    1.13      
2.31         2.10112e+02    1.86770e+02    1.12      
3.03         2.71108e+02    2.41000e+02    1.12      
3.92         3.42112e+02    3.04147e+02    1.12      
5.00         4.23853e+02    3.76829e+02    1.12      
6.36         5.18290e+02    4.60860e+02    1.12      
8.06         6.27908e+02    5.58391e+02    1.12      
10.00        7.48033e+02    6.65062e+02    1.12      
12.81        8.90225e+02    7.92011e+02    1.12      
16.09        1.05566e+03    9.38906e+02    1.12      
19.98        1.23067e+03    1.09436e+03    1.12      
24.57        1.41689e+03    1.25973e+03    1.12      

Sigma-z (m)
Distance (km) RCAP           Gpuff          Ratio     
--------------------------------------------------
0.22         8.52044e+00    8.62105e+00    0.99      
0.35         1.42256e+01    1.43123e+01    0.99      
0.51         2.00191e+01    2.01158e+01    1.00      
0.70         2.61835e+01    2.62830e+01    1.00      
0.95         3.29686e+01    3.30921e+01    1.00      
1.28         4.07735e+01    4.09230e+01    1.00      
1.72         4.97433e+01    4.99230e+01    1.00      
2.31         6.00676e+01    6.02807e+01    1.00      
3.03         7.13984e+01    7.16078e+01    1.00      
3.92         8.34369e+01    8.36513e+01    1.00      
5.00         9.62842e+01    9.64990e+01    1.00      
6.36         1.10220e+02    1.10454e+02    1.00      
8.06         1.25603e+02    1.25855e+02    1.00      
10.00        1.41832e+02    1.42063e+02    1.00      
12.81        1.60474e+02    1.60812e+02    1.00      
16.09        1.81754e+02    1.82073e+02    1.00      
19.98        2.03988e+02    2.04306e+02    1.00      
24.57        2.27510e+02    2.27830e+02    1.00      