======================================================================
                    RCAP vs Gpuff Comparison
======================================================================

Center Air Conc. (Bq-s/m³)
Distance (km) RCAP           Gpuff          Ratio     
--------------------------------------------------
0.22         1.27129e-02    1.42167e-02    0.89      
0.35         4.16403e-03    4.66800e-03    0.89      
0.51         1.91534e-03    2.14695e-03    0.89      
0.70         1.02068e-03    1.14396e-03    0.89      
0.95         5.85892e-04    6.55943e-04    0.89      
1.28         3.47920e-04    3.88987e-04    0.89      
1.72         2.12625e-04    2.37337e-04    0.90      
2.31         1.33369e-04    1.48580e-04    0.90      
3.03         8.75113e-05    9.73819e-05    0.90      
3.92         6.04048e-05    6.71061e-05    0.90      
5.00         4.34616e-05    4.81904e-05    0.90      
6.36         3.22693e-05    3.56783e-05    0.90      
8.06         2.45372e-05    2.70351e-05    0.91      
10.00        1.92701e-05    2.11529e-05    0.91      
12.81        1.52891e-05    1.66774e-05    0.92      
16.09        1.22699e-05    1.32950e-05    0.92      
19.98        1.01285e-05    1.08836e-05    0.93      
24.57        8.53328e-06    9.07739e-06    0.94      

Ground Air Conc. (Bq-s/m³)
Distance (km) RCAP           Gpuff          Ratio     
--------------------------------------------------
0.22         0.00000e+00    0.00000e+00    N/A       
0.35         0.00000e+00    0.00000e+00    N/A       
0.51         0.00000e+00    0.00000e+00    N/A       
0.70         6.08447e-235   0.00000e+00    N/A       
0.95         1.36778e-142   0.00000e+00    N/A       
1.28         5.26306e-91    0.00000e+00    N/A       
1.72         5.50153e-61    0.00000e+00    N/A       
2.31         6.18627e-43    1.68856e-42    0.37      
3.03         3.54418e-32    6.99707e-32    0.51      
3.92         1.17767e-25    1.94669e-25    0.60      
5.00         1.75100e-21    2.56047e-21    0.68      
6.36         1.11560e-18    1.52557e-18    0.73      
8.06         1.02735e-16    1.33156e-16    0.77      
10.00        2.30631e-15    2.81900e-15    0.82      
12.81        2.34927e-14    2.86731e-14    0.82      
16.09        1.36488e-13    1.59432e-13    0.86      
19.98        4.59343e-13    5.21137e-13    0.88      
24.57        1.09581e-12    1.21338e-12    0.90      

Center Ground Conc. (Bq/m²)
Distance (km) RCAP           Gpuff          Ratio     
--------------------------------------------------
0.22         0.00000e+00    0.00000e+00    N/A       
0.35         0.00000e+00    0.00000e+00    N/A       
0.51         0.00000e+00    0.00000e+00    N/A       
0.70         0.00000e+00    0.00000e+00    N/A       
0.95         0.00000e+00    0.00000e+00    N/A       
1.28         0.00000e+00    0.00000e+00    N/A       
1.72         0.00000e+00    0.00000e+00    N/A       
2.31         0.00000e+00    9.80909e-45    0.00      
3.03         0.00000e+00    3.81807e-34    0.00      
3.92         0.00000e+00    1.06224e-27    0.00      
5.00         0.00000e+00    1.39716e-23    0.00      
6.36         6.12004e-21    8.32453e-21    0.74      
8.06         5.60578e-19    7.26586e-19    0.77      
10.00        1.25849e-17    1.53824e-17    0.82      
12.81        1.28192e-16    1.56460e-16    0.82      
16.09        7.44774e-16    8.69969e-16    0.86      
19.98        2.50649e-15    2.84367e-15    0.88      
24.57        5.97947e-15    6.62100e-15    0.90      

X/Q (s/m³)
Distance (km) RCAP           Gpuff          Ratio     
--------------------------------------------------
0.22         0.00000e+00    0.00000e+00    N/A       
0.35         0.00000e+00    0.00000e+00    N/A       
0.51         0.00000e+00    0.00000e+00    N/A       
0.70         6.14593e-236   0.00000e+00    N/A       
0.95         1.38160e-143   0.00000e+00    N/A       
1.28         5.31623e-92    0.00000e+00    N/A       
1.72         5.55711e-62    0.00000e+00    N/A       
2.31         6.24876e-44    1.70958e-43    0.37      
3.03         3.57999e-33    7.11265e-33    0.50      
3.92         1.18956e-26    1.98274e-26    0.60      
5.00         1.76869e-22    2.61416e-22    0.68      
6.36         1.12687e-19    1.56216e-19    0.72      
8.06         1.03773e-17    1.36856e-17    0.76      
10.00        2.32962e-16    2.91098e-16    0.80      
12.81        2.37301e-15    2.97643e-15    0.80      
16.09        1.37868e-14    1.66779e-14    0.83      
19.98        4.63985e-14    5.50054e-14    0.84      
24.57        1.10688e-13    1.29434e-13    0.86      

Sigma-y (m)
Distance (km) RCAP           Gpuff          Ratio     
--------------------------------------------------
0.22         1.36138e+01    1.20956e+01    1.13      
0.35         2.41111e+01    2.14140e+01    1.13      
0.51         3.61250e+01    3.20835e+01    1.13      
0.70         5.04068e+01    4.47667e+01    1.13      
0.95         6.80241e+01    6.04220e+01    1.13      
1.28         9.07111e+01    8.05889e+01    1.13      
1.72         1.19943e+02    1.06585e+02    1.13      
2.31         1.57584e+02    1.40077e+02    1.12      
3.03         2.03331e+02    1.80750e+02    1.12      
3.92         2.56584e+02    2.28111e+02    1.12      
5.00         3.17890e+02    2.82622e+02    1.12      
6.36         3.88717e+02    3.45645e+02    1.12      
8.06         4.70931e+02    4.18793e+02    1.12      
10.00        5.61025e+02    4.98796e+02    1.12      
12.81        6.67669e+02    5.94008e+02    1.12      
16.09        7.91747e+02    7.04180e+02    1.12      
19.98        9.23004e+02    8.20769e+02    1.12      
24.57        1.06266e+03    9.44799e+02    1.12      

Sigma-z (m)
Distance (km) RCAP           Gpuff          Ratio     
--------------------------------------------------
0.22         4.55200e+00    4.58015e+00    0.99      
0.35         7.84682e+00    7.87655e+00    1.00      
0.51         1.13860e+01    1.14260e+01    1.00      
0.70         1.53126e+01    1.53618e+01    1.00      
0.95         1.97672e+01    1.98397e+01    1.00      
1.28         2.49623e+01    2.50656e+01    1.00      
1.72         3.08913e+01    3.10345e+01    1.00      
2.31         3.74851e+01    3.76753e+01    0.99      
3.03         4.42749e+01    4.44753e+01    1.00      
3.92         5.08303e+01    5.10404e+01    1.00      
5.00         5.70221e+01    5.72284e+01    1.00      
6.36         6.28061e+01    6.30177e+01    1.00      
8.06         6.81776e+01    6.83844e+01    1.00      
10.00        7.28716e+01    7.30385e+01    1.00      
12.81        7.71758e+01    7.73832e+01    1.00      
16.09        8.10951e+01    8.12559e+01    1.00      
19.98        8.42703e+01    8.44006e+01    1.00      
24.57        8.68780e+01    8.69834e+01    1.00      