======================================================================
                    RCAP vs Gpuff Comparison
======================================================================

Center Air Conc. (Bq-s/m³)
Distance (km) RCAP           Gpuff          Ratio     
--------------------------------------------------
0.22         3.57550e-02    3.99845e-02    0.89      
0.35         1.17113e-02    1.31287e-02    0.89      
0.51         5.38691e-03    6.03829e-03    0.89      
0.70         2.87066e-03    3.21739e-03    0.89      
0.95         1.64782e-03    1.84484e-03    0.89      
1.28         9.78526e-04    1.09402e-03    0.89      
1.72         5.98009e-04    6.67511e-04    0.90      
2.31         3.75100e-04    4.17882e-04    0.90      
3.03         2.46126e-04    2.73886e-04    0.90      
3.92         1.69889e-04    1.88736e-04    0.90      
5.00         1.22236e-04    1.35536e-04    0.90      
6.36         9.07573e-05    1.00345e-04    0.90      
8.06         6.90109e-05    7.60362e-05    0.91      
10.00        5.41971e-05    5.94925e-05    0.91      
12.81        4.30005e-05    4.69053e-05    0.92      
16.09        3.45092e-05    3.73921e-05    0.92      
19.98        2.84864e-05    3.06100e-05    0.93      
24.57        2.39998e-05    2.55302e-05    0.94      

Ground Air Conc. (Bq-s/m³)
Distance (km) RCAP           Gpuff          Ratio     
--------------------------------------------------
0.22         0.00000e+00    0.00000e+00    N/A       
0.35         0.00000e+00    0.00000e+00    N/A       
0.51         0.00000e+00    0.00000e+00    N/A       
0.70         0.00000e+00    0.00000e+00    N/A       
0.95         0.00000e+00    0.00000e+00    N/A       
1.28         1.01364e-309   0.00000e+00    N/A       
1.72         1.20308e-203   0.00000e+00    N/A       
2.31         1.12258e-139   0.00000e+00    N/A       
3.03         2.14759e-101   0.00000e+00    N/A       
3.92         4.61441e-78    0.00000e+00    N/A       
5.00         4.91904e-63    0.00000e+00    N/A       
6.36         7.51261e-53    0.00000e+00    N/A       
8.06         1.20361e-45    2.80260e-45    0.43      
10.00        1.24391e-40    1.99265e-40    0.62      
12.81        7.78783e-37    1.26098e-36    0.62      
16.09        6.58057e-34    9.28638e-34    0.71      
19.98        7.59785e-32    9.88215e-32    0.77      
24.57        2.48550e-30    3.04436e-30    0.82      

Center Ground Conc. (Bq/m²)
Distance (km) RCAP           Gpuff          Ratio     
--------------------------------------------------
0.22         0.00000e+00    0.00000e+00    N/A       
0.35         0.00000e+00    0.00000e+00    N/A       
0.51         0.00000e+00    0.00000e+00    N/A       
0.70         0.00000e+00    0.00000e+00    N/A       
0.95         0.00000e+00    0.00000e+00    N/A       
1.28         0.00000e+00    0.00000e+00    N/A       
1.72         0.00000e+00    0.00000e+00    N/A       
2.31         0.00000e+00    0.00000e+00    N/A       
3.03         0.00000e+00    0.00000e+00    N/A       
3.92         0.00000e+00    0.00000e+00    N/A       
5.00         0.00000e+00    0.00000e+00    N/A       
6.36         0.00000e+00    0.00000e+00    N/A       
8.06         0.00000e+00    0.00000e+00    N/A       
10.00        0.00000e+00    1.08741e-42    0.00      
12.81        0.00000e+00    6.88077e-39    0.00      
16.09        0.00000e+00    5.06727e-36    0.00      
19.98        0.00000e+00    5.39236e-34    0.00      
24.57        0.00000e+00    1.66120e-32    0.00      

X/Q (s/m³)
Distance (km) RCAP           Gpuff          Ratio     
--------------------------------------------------
0.22         0.00000e+00    0.00000e+00    N/A       
0.35         0.00000e+00    0.00000e+00    N/A       
0.51         0.00000e+00    0.00000e+00    N/A       
0.70         0.00000e+00    0.00000e+00    N/A       
0.95         0.00000e+00    0.00000e+00    N/A       
1.28         1.02388e-310   0.00000e+00    N/A       
1.72         1.21524e-204   0.00000e+00    N/A       
2.31         1.13392e-140   0.00000e+00    N/A       
3.03         2.16929e-102   0.00000e+00    N/A       
3.92         4.66103e-79    0.00000e+00    N/A       
5.00         4.96873e-64    0.00000e+00    N/A       
6.36         7.58851e-54    0.00000e+00    N/A       
8.06         1.21577e-46    0.00000e+00    N/A       
10.00        1.25648e-41    2.05767e-41    0.61      
12.81        7.86652e-38    1.30897e-37    0.60      
16.09        6.64708e-35    9.71429e-35    0.68      
19.98        7.67464e-33    1.04305e-32    0.74      
24.57        2.51063e-31    3.24750e-31    0.77      

Sigma-y (m)
Distance (km) RCAP           Gpuff          Ratio     
--------------------------------------------------
0.22         9.07586e+00    8.06375e+00    1.13      
0.35         1.60741e+01    1.42760e+01    1.13      
0.51         2.40833e+01    2.13890e+01    1.13      
0.70         3.36045e+01    2.98445e+01    1.13      
0.95         4.53494e+01    4.02813e+01    1.13      
1.28         6.04740e+01    5.37259e+01    1.13      
1.72         7.99618e+01    7.10569e+01    1.13      
2.31         1.05056e+02    9.33849e+01    1.12      
3.03         1.35554e+02    1.20500e+02    1.12      
3.92         1.71056e+02    1.52074e+02    1.12      
5.00         2.11926e+02    1.88415e+02    1.12      
6.36         2.59145e+02    2.30430e+02    1.12      
8.06         3.13954e+02    2.79196e+02    1.12      
10.00        3.74017e+02    3.32531e+02    1.12      
12.81        4.45113e+02    3.96006e+02    1.12      
16.09        5.27831e+02    4.69453e+02    1.12      
19.98        6.15336e+02    5.47179e+02    1.12      
24.57        7.08443e+02    6.29866e+02    1.12      

Sigma-z (m)
Distance (km) RCAP           Gpuff          Ratio     
--------------------------------------------------
0.22         2.42773e+00    2.44275e+00    0.99      
0.35         4.18497e+00    4.20083e+00    1.00      
0.51         6.07253e+00    6.09389e+00    1.00      
0.70         8.16669e+00    8.19298e+00    1.00      
0.95         1.05425e+01    1.05812e+01    1.00      
1.28         1.33132e+01    1.33683e+01    1.00      
1.72         1.64754e+01    1.65517e+01    1.00      
2.31         1.99921e+01    2.00935e+01    0.99      
3.03         2.36133e+01    2.37202e+01    1.00      
3.92         2.71095e+01    2.72215e+01    1.00      
5.00         3.04118e+01    3.05218e+01    1.00      
6.36         3.34966e+01    3.36095e+01    1.00      
8.06         3.63614e+01    3.64717e+01    1.00      
10.00        3.88648e+01    3.89539e+01    1.00      
12.81        4.11604e+01    4.12711e+01    1.00      
16.09        4.32507e+01    4.33365e+01    1.00      
19.98        4.49441e+01    4.50137e+01    1.00      
24.57        4.63349e+01    4.63911e+01    1.00      