	km	distance	0.1	0.22	0.35	0.51	0.7	0.95	1.28	1.72	2.31	3.03	3.92	5	6.36	8.06	10	12.81	16.09	19.98	24.57	30
RCAP	Bq*s/m3	A	0.0014	5.74E-04	2.18E-04	1.05E-04	5.59E-05	3.14E-05	1.78E-05	1.02E-05	5.85E-06	3.46E-06	2.20E-06	1.58E-06	1.25E-06	1.04E-06	8.70E-07	7.32E-07	6.17E-07	5.30E-07	4.60E-07	4.04E-07
RCAP	Bq*s/m3	B	0.00186	0.00108	4.42E-04	2.20E-04	1.20E-04	6.87E-05	3.95E-05	2.28E-05	1.32E-05	7.80E-06	4.80E-06	3.05E-06	2.03E-06	1.48E-06	1.19E-06	1.00E-06	8.48E-07	7.28E-07	6.33E-07	5.55E-07
RCAP	Bq*s/m3	C	2.87659e-03     1.73577e-03     7.13596e-04     3.72259e-04     1.97252e-04     1.12763e-04     7.36092e-05     5.22127e-05     3.92034e-05     3.06783e-05     2.47727e-05     2.05025e-05     1.73078e-05     1.48505e-05     1.29165e-05     1.13644e-05     1.00980e-05     9.04977e-06     8.17134e-06     7.42712e-06     
RCAP	Bq*s/m3	D	0.00279	0.00312	0.00161	9.40E-04	5.85E-04	3.75E-04	2.42E-04	1.57E-04	1.02E-04	6.83E-05	4.71E-05	3.34E-05	2.40E-05	1.75E-05	1.31E-05	9.77E-06	7.29E-06	5.59E-06	4.36E-06	3.45E-06
RCAP	Bq*s/m3	E	0.00316	0.00471	0.0027	0.00168	0.00109	7.15E-04	4.71E-04	3.12E-04	2.07E-04	1.42E-04	1.01E-04	7.40E-05	5.57E-05	4.28E-05	3.39E-05	2.70E-05	2.18E-05	1.80E-05	1.52E-05	1.31E-05
RCAP	Bq*s/m3	F	0.00356	0.00697	0.00462	0.00319	0.00224	0.00158	0.0011	7.63E-04	5.27E-04	3.71E-04	2.69E-04	2.00E-04	1.53E-04	1.18E-04	9.40E-05	7.53E-05	6.09E-05	5.05E-05	4.27E-05	3.66E-05
Gpuff	Bq*s/m3	A	1.64E-03	3.40E-04	1.35E-04	6.42E-05	3.44E-05	1.89E-05	1.06E-05	6.13E-06	4.04E-06	3.08E-06	2.46E-06	2.00E-06	1.64E-06	1.36E-06	1.15E-06	9.62E-07	8.19E-07	7.03E-07	6.02E-07	0.00E+00
Gpuff	Bq*s/m3	B	3.75E-03	7.79E-04	3.10E-04	1.47E-04	7.87E-05	4.33E-05	2.42E-05	1.37E-05	7.78E-06	4.85E-06	3.46E-06	2.75E-06	2.26E-06	1.87E-06	1.59E-06	1.32E-06	1.13E-06	9.72E-07	8.49E-07	0.00E+00
Gpuff	Bq*s/m3	C	2.93378e-03     9.07445e-04     4.27622e-04     2.26490e-04     1.31142e-04     7.70155e-05     4.57741e-05     2.74331e-05     1.65820e-05     1.05387e-05     6.93206e-06     4.73657e-06     3.34697e-06     2.50085e-06     2.01755e-06     1.64867e-06     1.40015e-06     1.21010e-06     1.05824e-06     0.00000e+00   
Gpuff	Bq*s/m3	D	1.61E-02	3.59E-03	1.53E-03	7.81E-04	4.51E-04	2.69E-04	1.65E-04	1.03E-04	6.56E-05	4.37E-05	3.00E-05	2.13E-05	1.53E-05	1.12E-05	8.44E-06	6.17E-06	4.67E-06	3.60E-06	2.83E-06	0.00E+00
Gpuff	Bq*s/m3	E	4.12E-02	8.86E-03	3.65E-03	1.81E-03	1.02E-03	5.93E-04	3.57E-04	2.21E-04	1.40E-04	9.44E-05	6.65E-05	4.87E-05	3.66E-05	2.81E-05	2.25E-05	1.77E-05	1.45E-05	1.21E-05	1.03E-05	0.00E+00
Gpuff	Bq*s/m3	F	1.16E-01	2.49E-02	1.03E-02	5.09E-03	2.86E-03	1.67E-03	1.00E-03	6.21E-04	3.94E-04	2.66E-04	1.87E-04	1.37E-04	1.03E-04	7.91E-05	6.33E-05	4.99E-05	4.07E-05	3.39E-05	2.89E-05	0.00E+00
