======================================================================
                    RCAP vs Gpuff Comparison
======================================================================

Distance (km) RCAP Conc      Gpuff Conc     Ratio
--------------------------------------------------
0.22         1.13025e-03    1.27212e-03    0.89
0.35         3.58272e-04    4.03397e-04    0.89
0.51         1.58489e-04    1.78454e-04    0.89
0.70         8.07292e-05    9.09002e-05    0.89
0.95         4.38690e-05    4.93886e-05    0.89
1.28         2.43411e-05    2.73984e-05    0.89
1.72         1.36839e-05    1.53988e-05    0.89
2.31         7.75633e-06    8.72570e-06    0.89
3.03         4.60438e-06    5.17960e-06    0.89
3.92         3.07263e-06    3.52699e-06    0.87
5.00         2.32954e-06    2.84672e-06    0.82
6.36         1.90507e-06    2.32766e-06    0.82
8.06         1.57249e-06    1.92110e-06    0.82
10.00        1.31997e-06    1.61297e-06    0.82
12.81        1.10913e-06    1.35443e-06    0.82
16.09        9.35315e-07    1.14253e-06    0.82
19.98        8.02306e-07    9.80233e-07    0.82
24.57        6.96862e-07    8.51551e-07    0.82

Distance (km) RCAP σy        Gpuff σy       Ratio
--------------------------------------------------
0.22         36.30          32.26          1.13
0.35         64.30          57.10          1.13
0.51         96.33          85.56          1.13
0.70         134.42         119.38         1.13
0.95         181.40         161.12         1.13
1.28         241.90         214.90         1.13
1.72         319.85         284.23         1.13
2.31         420.22         373.54         1.12
3.03         542.22         482.00         1.12
3.92         684.23         608.29         1.12
5.00         847.71         753.66         1.12
6.36         1036.58        921.72         1.12
8.06         1255.82        1116.78        1.12
10.00        1496.07        1330.12        1.12
12.81        1780.45        1584.02        1.12
16.09        2111.32        1877.81        1.12
19.98        2461.34        2188.72        1.12
24.57        2833.77        2519.46        1.12

Distance (km) RCAP σz        Gpuff σz       Ratio
--------------------------------------------------
0.22         19.20          19.20          1.00
0.35         34.20          34.20          1.00
0.51         51.60          51.60          1.00
0.70         72.60          72.60          1.00
0.95         99.00          99.00          1.00
1.28         133.80         133.80         1.00
1.72         180.00         180.00         1.00
2.31         241.80         241.80         1.00
3.03         320.40         320.40         1.00
3.92         417.00         398.94         1.05
5.00         398.94         398.94         1.00
6.36         398.94         398.94         1.00
8.06         398.94         398.94         1.00
10.00        398.94         398.94         1.00
12.81        398.94         398.94         1.00
16.09        398.94         398.94         1.00
19.98        398.94         398.94         1.00
24.57        398.94         398.94         1.00