======================================================================
                    RCAP vs Gpuff Comparison
======================================================================

Distance (km) RCAP Conc      Gpuff Conc     Ratio
--------------------------------------------------
0.22         2.51050e-03    2.81959e-03    0.89
0.35         8.04737e-04    9.04876e-04    0.89
0.51         3.60822e-04    4.05751e-04    0.89
0.70         1.86717e-04    2.09984e-04    0.89
0.95         1.03460e-04    1.16308e-04    0.89
1.28         5.88330e-05    6.61085e-05    0.89
1.72         3.41109e-05    3.83069e-05    0.89
2.31         2.00857e-05    2.25413e-05    0.89
3.03         1.22831e-05    1.37853e-05    0.89
3.92         7.86179e-06    8.82254e-06    0.89
5.00         5.22894e-06    5.86852e-06    0.89
6.36         3.60324e-06    4.04402e-06    0.89
8.06         2.60196e-06    2.92157e-06    0.89
10.00        2.01906e-06    2.34614e-06    0.86
12.81        1.61328e-06    1.97008e-06    0.82
16.09        1.36046e-06    1.66186e-06    0.82
19.98        1.16699e-06    1.42579e-06    0.82
24.57        1.01362e-06    1.23862e-06    0.82

Distance (km) RCAP σy        Gpuff σy       Ratio
--------------------------------------------------
0.22         24.96          22.18          1.13
0.35         44.20          39.26          1.13
0.51         66.23          58.82          1.13
0.70         92.41          82.07          1.13
0.95         124.71         110.77         1.13
1.28         166.30         147.75         1.13
1.72         219.90         195.41         1.13
2.31         288.90         256.81         1.12
3.03         372.77         331.38         1.12
3.92         470.40         418.20         1.12
5.00         582.80         518.14         1.12
6.36         712.65         633.68         1.12
8.06         863.37         767.79         1.12
10.00        1028.55        914.46         1.12
12.81        1224.06        1089.02        1.12
16.09        1451.54        1291.00        1.12
19.98        1692.17        1504.74        1.12
24.57        1948.22        1732.13        1.12

Distance (km) RCAP σz        Gpuff σz       Ratio
--------------------------------------------------
0.22         12.57          12.60          1.00
0.35         22.15          22.18          1.00
0.51         32.97          33.01          1.00
0.70         45.66          45.71          1.00
0.95         61.06          61.15          1.00
1.28         80.52          80.66          1.00
1.72         105.03         105.25         1.00
2.31         135.76         136.09         1.00
3.03         172.06         172.46         1.00
3.92         213.03         213.53         1.00
5.00         258.82         259.40         1.00
6.36         310.20         310.91         1.00
8.06         368.26         369.11         1.00
10.00        430.42         398.94         1.08
12.81        398.94         398.94         1.00
16.09        398.94         398.94         1.00
19.98        398.94         398.94         1.00
24.57        398.94         398.94         1.00