======================================================================
                    RCAP vs Gpuff Comparison
======================================================================

Distance (km) RCAP Conc      Gpuff Conc     Ratio
--------------------------------------------------
0.22         3.57550e-02    3.99954e-02    0.89
0.35         1.17113e-02    1.31366e-02    0.89
0.51         5.38691e-03    6.04423e-03    0.89
0.70         2.87066e-03    3.22196e-03    0.89
0.95         1.64782e-03    1.84837e-03    0.89
1.28         9.78526e-04    1.09690e-03    0.89
1.72         5.98009e-04    6.69848e-04    0.89
2.31         3.75100e-04    4.19849e-04    0.89
3.03         2.46126e-04    2.75627e-04    0.89
3.92         1.69889e-04    1.90309e-04    0.89
5.00         1.22236e-04    1.36994e-04    0.89
6.36         9.07573e-05    1.01724e-04    0.89
8.06         6.90109e-05    7.73679e-05    0.89
10.00        5.41971e-05    6.08194e-05    0.89
12.81        4.30005e-05    4.82035e-05    0.89
16.09        3.45092e-05    3.87240e-05    0.89
19.98        2.84864e-05    3.19854e-05    0.89
24.57        2.39998e-05    2.69614e-05    0.89

Distance (km) RCAP σy        Gpuff σy       Ratio
--------------------------------------------------
0.22         9.08           8.06           1.13
0.35         16.07          14.28          1.13
0.51         24.08          21.39          1.13
0.70         33.60          29.84          1.13
0.95         45.35          40.28          1.13
1.28         60.47          53.73          1.13
1.72         79.96          71.06          1.13
2.31         105.06         93.38          1.12
3.03         135.55         120.50         1.12
3.92         171.06         152.07         1.12
5.00         211.93         188.41         1.12
6.36         259.14         230.43         1.12
8.06         313.95         279.20         1.12
10.00        374.02         332.53         1.12
12.81        445.11         396.01         1.12
16.09        527.83         469.45         1.12
19.98        615.34         547.18         1.12
24.57        708.44         629.87         1.12

Distance (km) RCAP σz        Gpuff σz       Ratio
--------------------------------------------------
0.22         2.43           2.44           0.99
0.35         4.18           4.20           1.00
0.51         6.07           6.09           1.00
0.70         8.17           8.19           1.00
0.95         10.54          10.58          1.00
1.28         13.31          13.37          1.00
1.72         16.48          16.55          1.00
2.31         19.99          20.09          0.99
3.03         23.61          23.72          1.00
3.92         27.11          27.22          1.00
5.00         30.41          30.52          1.00
6.36         33.50          33.61          1.00
8.06         36.36          36.47          1.00
10.00        38.86          38.95          1.00
12.81        41.16          41.27          1.00
16.09        43.25          43.34          1.00
19.98        44.94          45.01          1.00
24.57        46.33          46.39          1.00